"cmd"
0.12542986869812
0.122905015945435
0.119517087936401
0.119477987289429
0.119281053543091
0.118846893310547
0.12067699432373
0.119038105010986
0.119273900985718
0.124284029006958
0.124840021133423
0.123762845993042
0.120023965835571
0.119121074676514
0.123678922653198
0.121937036514282
0.123543977737427
0.123916864395142
0.121281862258911
0.119769811630249
0.117796897888184
0.124859809875488
0.118423938751221
0.120147943496704
0.119201183319092
0.121163845062256
0.117886066436768
0.121500015258789
0.121501922607422
0.123265027999878
0.1198570728302
0.120338916778564
0.119583129882812
0.120577096939087
0.121476888656616
0.120693922042847
0.123709917068481
0.122095108032227
0.123559951782227
0.123281002044678
0.120858907699585
0.121499061584473
0.118130922317505
0.117136001586914
0.119201898574829
0.118513107299805
0.1194748878479
0.121742963790894
0.133221864700317
0.122182130813599
